# numpy中的数组排序 - 小灰笔记 - CSDN博客





2017年04月09日 18:11:36[grey_csdn](https://me.csdn.net/grey_csdn)阅读数：326
个人分类：[Python](https://blog.csdn.net/grey_csdn/article/category/6639459)








简单试用了一下numpy中的数组排序功能，处理一维数组的时候有点让我觉得像Java的体验。不过，numpy中排序给出的使用方式更加丰富一点，尤其是面向向量计算的时候。下面通过简单的示范来做一下小结。

In [48]: arr1 = randn(100)



In [49]: arr1

Out[49]:

array([ 0.91021301, -0.42849536,  0.3532049 , -1.08285053, -0.30689994,

       -0.72325766,  2.19362673, -0.12906112,  0.96796146,  1.52042629,

       -0.21650516,  0.13902049,  0.17784692, -1.37652094, -1.10339888,

        0.21250137, -0.01422552,  1.39133157,  0.11686953,  0.9531705 ,

       -0.02089581, -0.29029263,  1.20604363,  0.20468029, -0.23249506,

       -0.64023964, -0.21778276, -1.1316481 ,  0.18541605, -0.08355271,

        1.37107902, -0.6881347 , -0.20076075,  1.32130535,  1.20731853,

       -1.59019035,  0.6028579 ,  1.20088411, -1.29622326,  0.55425607,

       -1.55699435, -0.77625218, -1.5824669 , -0.45069707,  1.39153733,

       -0.57374523, -0.36370029, -1.47105739, -0.50070424,  1.03016351,

       -0.73805332,  0.58542618,  0.6470984 , -1.40650202,  0.47337309,

       -1.62221255, -0.56078826, -0.15415227,  2.02427208,  0.44653799,

       -0.53424613,  0.99674743, -0.48918318, -0.21477532, -0.01480813,

        0.31935344,  0.32454223, -0.18703268,  1.09159746, -0.63169525,

        1.57577867,  1.51824553, -0.04530394,  0.25628746,  0.11124939,

        0.38892446,  1.29845912,  0.40229089, -0.42566678, -0.24594239,

        0.55666235, -2.59381144,  1.32446378,  1.30896087, -1.3062707 ,

       -0.0394738 ,  1.10346917, -1.03271839, -1.64768926,  1.51321364,

        2.50226612, -1.30101631, -0.96958586,  0.55237317,  1.12908098,

       -1.55888973,  0.18613961, -2.56371327,  0.60863427, -0.2227868 ])



In [50]: arr1.sort()



In [51]: arr1

Out[51]:

array([-2.59381144, -2.56371327, -1.64768926, -1.62221255, -1.59019035,

       -1.5824669 , -1.55888973, -1.55699435, -1.47105739, -1.40650202,

       -1.37652094, -1.3062707 , -1.30101631, -1.29622326, -1.1316481 ,

       -1.10339888, -1.08285053, -1.03271839, -0.96958586, -0.77625218,

       -0.73805332, -0.72325766, -0.6881347 , -0.64023964, -0.63169525,

       -0.57374523, -0.56078826, -0.53424613, -0.50070424, -0.48918318,

       -0.45069707, -0.42849536, -0.42566678, -0.36370029, -0.30689994,

       -0.29029263, -0.24594239, -0.23249506, -0.2227868 , -0.21778276,

       -0.21650516, -0.21477532, -0.20076075, -0.18703268, -0.15415227,

       -0.12906112, -0.08355271, -0.04530394, -0.0394738 , -0.02089581,

       -0.01480813, -0.01422552,  0.11124939,  0.11686953,  0.13902049,

        0.17784692,  0.18541605,  0.18613961,  0.20468029,  0.21250137,

        0.25628746,  0.31935344,  0.32454223,  0.3532049 ,  0.38892446,

        0.40229089,  0.44653799,  0.47337309,  0.55237317,  0.55425607,

        0.55666235,  0.58542618,  0.6028579 ,  0.60863427,  0.6470984 ,

        0.91021301,  0.9531705 ,  0.96796146,  0.99674743,  1.03016351,

        1.09159746,  1.10346917,  1.12908098,  1.20088411,  1.20604363,

        1.20731853,  1.29845912,  1.30896087,  1.32130535,  1.32446378,

        1.37107902,  1.39133157,  1.39153733,  1.51321364,  1.51824553,

        1.52042629,  1.57577867,  2.02427208,  2.19362673,  2.50226612])
从上面的运行结果来看，numpy对于一维数组的排序可以使用sort方法。而且，排序本身不是创建副本，而是对原来的数组进行了排序。如果要进行排序，排序的结果创建一个新的数组且不改变原来数组的信息，可以直接调用numpy.sort，具体的示例如下：

In [52]: arr2 = randn(10)



In [53]: arr2

Out[53]:

array([-0.32842754, -0.02233439, -0.72337862,  0.96631264, -1.16160554,

        1.50350478, -0.74506255,  2.44837561,  0.71057587,  0.47635382])



In [54]: np.sort

Out[54]: <function numpy.core.fromnumeric.sort>



In [55]: np.sort(arr2)

Out[55]:

array([-1.16160554, -0.74506255, -0.72337862, -0.32842754, -0.02233439,

        0.47635382,  0.71057587,  0.96631264,  1.50350478,  2.44837561])



In [56]: arr2

Out[56]:

array([-0.32842754, -0.02233439, -0.72337862,  0.96631264, -1.16160554,

        1.50350478, -0.74506255,  2.44837561,  0.71057587,  0.47635382])
上面的结果中实现了排序输出，但是并没有改变数组的原始数据。
针对二维数组，排序方法的使用有一点需要注意，那就是二维数组本身存在纵横两个方向。

In [57]: arr3 = randn(6,5)



In [58]: arr3

Out[58]:

array([[  1.98305521e+00,  -2.42932192e-01,   8.63868584e-01,

         -6.95213066e-01,   1.80093966e+00],

       [  2.43552858e+00,  -7.66939371e-01,  -5.43274794e-01,

         -2.68036709e-02,   5.98377932e-01],

       [  9.39279916e-01,  -7.09566662e-01,   9.17643459e-01,

          7.09353324e-01,  -2.15638971e-03],

       [  7.99059422e-01,   5.18243368e-01,   5.47470758e-01,

         -1.16161902e+00,   1.11564533e-01],

       [  4.32541360e-02,   6.77332030e-01,  -1.67272360e+00,

         -2.03695036e-01,   1.27004121e-01],

       [  2.93923571e-01,  -5.00801536e-01,   1.25303393e+00,

          4.74611000e-01,  -7.07364796e-01]])



In [59]: arr3.sort()



In [60]: arr3

Out[60]:

array([[ -6.95213066e-01,  -2.42932192e-01,   8.63868584e-01,

          1.80093966e+00,   1.98305521e+00],

       [ -7.66939371e-01,  -5.43274794e-01,  -2.68036709e-02,

          5.98377932e-01,   2.43552858e+00],

       [ -7.09566662e-01,  -2.15638971e-03,   7.09353324e-01,

          9.17643459e-01,   9.39279916e-01],

       [ -1.16161902e+00,   1.11564533e-01,   5.18243368e-01,

          5.47470758e-01,   7.99059422e-01],

       [ -1.67272360e+00,  -2.03695036e-01,   4.32541360e-02,

          1.27004121e-01,   6.77332030e-01],

       [ -7.07364796e-01,  -5.00801536e-01,   2.93923571e-01,

          4.74611000e-01,   1.25303393e+00]])
从上面的结果可以看出，排序是按照二维向量的行进行分别排序。这是二维数组sort方法默认的排序行为。如果要按照列进行排序，需要通过参数指明排序的轴向。

In [61]: arr3.sort(axis = 0)



In [62]: arr3

Out[62]:

array([[ -1.67272360e+00,  -5.43274794e-01,  -2.68036709e-02,

          1.27004121e-01,   6.77332030e-01],

       [ -1.16161902e+00,  -5.00801536e-01,   4.32541360e-02,

          4.74611000e-01,   7.99059422e-01],

       [ -7.66939371e-01,  -2.42932192e-01,   2.93923571e-01,

          5.47470758e-01,   9.39279916e-01],

       [ -7.09566662e-01,  -2.03695036e-01,   5.18243368e-01,

          5.98377932e-01,   1.25303393e+00],

       [ -7.07364796e-01,  -2.15638971e-03,   7.09353324e-01,

          9.17643459e-01,   1.98305521e+00],

       [ -6.95213066e-01,   1.11564533e-01,   8.63868584e-01,

          1.80093966e+00,   2.43552858e+00]])
上面的操作中，通过指定方向对二维数组进行了纵向的排序。
            


